0.000000e+00
6.289303e-03
1.257861e-02
1.886791e-02
2.515721e-02
3.144651e-02
3.773582e-02
4.402512e-02
5.031442e-02
5.660372e-02
6.289303e-02
6.918233e-02
7.547163e-02
8.176093e-02
8.805024e-02
9.433954e-02
1.006288e-01
1.069181e-01
1.132074e-01
1.194967e-01
1.257861e-01
1.320754e-01
1.383647e-01
1.446540e-01
1.509433e-01
1.572326e-01
1.635219e-01
1.698112e-01
1.761005e-01
1.823898e-01
1.886791e-01
1.949684e-01
2.012577e-01
2.075470e-01
2.138363e-01
2.201256e-01
2.264149e-01
2.327042e-01
2.389935e-01
2.452828e-01
2.515721e-01
2.578614e-01
2.641507e-01
2.704400e-01
2.767293e-01
2.830186e-01
2.893079e-01
2.955972e-01
3.018865e-01
3.081758e-01
3.144651e-01
3.207544e-01
3.270437e-01
3.333330e-01
3.396223e-01
3.459116e-01
3.522009e-01
3.584902e-01
3.647795e-01
3.710689e-01
3.773582e-01
3.836475e-01
3.899368e-01
3.962261e-01
4.025154e-01
4.088047e-01
4.150940e-01
4.213833e-01
4.276726e-01
4.339619e-01
4.402512e-01
4.465405e-01
4.528298e-01
4.591191e-01
4.654084e-01
4.716977e-01
4.779870e-01
4.842763e-01
4.905656e-01
4.968549e-01
5.031442e-01
5.032071e-01
5.032700e-01
5.033329e-01
5.033958e-01
5.034587e-01
5.035216e-01
5.035845e-01
5.036473e-01
5.037102e-01
5.037731e-01
5.038360e-01
5.038989e-01
5.039618e-01
5.040247e-01
5.040876e-01
5.041505e-01
5.042134e-01
5.042763e-01
5.043392e-01
5.044021e-01
5.044650e-01
5.045279e-01
5.045907e-01
5.046536e-01
5.047165e-01
5.047794e-01
5.048423e-01
5.049052e-01
5.049681e-01
5.050310e-01
5.050939e-01
5.051568e-01
5.052197e-01
5.052826e-01
5.053455e-01
5.054084e-01
5.054712e-01
5.055341e-01
5.055970e-01
5.056599e-01
5.057228e-01
5.057857e-01
5.058486e-01
5.059115e-01
5.059744e-01
5.060373e-01
5.061002e-01
5.061631e-01
5.062260e-01
5.062889e-01
5.063518e-01
5.064146e-01
5.064775e-01
5.065404e-01
5.066033e-01
5.066662e-01
5.067291e-01
5.067920e-01
5.068549e-01
5.069178e-01
5.069807e-01
5.070436e-01
5.071065e-01
5.071694e-01
5.072323e-01
5.072951e-01
5.073580e-01
5.074209e-01
5.074838e-01
5.075467e-01
5.076096e-01
5.076725e-01
5.077354e-01
5.077983e-01
5.078612e-01
5.079241e-01
5.079870e-01
5.080499e-01
5.081128e-01
