0.000000e+00
3.134792e-03
6.269585e-03
9.404377e-03
1.253917e-02
1.567396e-02
1.880875e-02
2.194355e-02
2.507834e-02
2.821313e-02
3.134792e-02
3.448271e-02
3.761751e-02
4.075230e-02
4.388709e-02
4.702188e-02
5.015668e-02
5.329147e-02
5.642626e-02
5.956105e-02
6.269585e-02
6.583064e-02
6.896543e-02
7.210022e-02
7.523501e-02
7.836981e-02
8.150460e-02
8.463939e-02
8.777418e-02
9.090898e-02
9.404377e-02
9.717856e-02
1.003134e-01
1.034481e-01
1.065829e-01
1.097177e-01
1.128525e-01
1.159873e-01
1.191221e-01
1.222569e-01
1.253917e-01
1.285265e-01
1.316613e-01
1.347961e-01
1.379309e-01
1.410657e-01
1.442004e-01
1.473352e-01
1.504700e-01
1.536048e-01
1.567396e-01
1.598744e-01
1.630092e-01
1.661440e-01
1.692788e-01
1.724136e-01
1.755484e-01
1.786832e-01
1.818180e-01
1.849527e-01
1.880875e-01
1.912223e-01
1.943571e-01
1.974919e-01
2.006267e-01
2.037615e-01
2.068963e-01
2.100311e-01
2.131659e-01
2.163007e-01
2.194355e-01
2.225703e-01
2.257050e-01
2.288398e-01
2.319746e-01
2.351094e-01
2.382442e-01
2.413790e-01
2.445138e-01
2.476486e-01
2.507834e-01
2.539182e-01
2.570530e-01
2.601878e-01
2.633225e-01
2.664573e-01
2.695921e-01
2.727269e-01
2.758617e-01
2.789965e-01
2.821313e-01
2.852661e-01
2.884009e-01
2.915357e-01
2.946705e-01
2.978053e-01
3.009401e-01
3.040748e-01
3.072096e-01
3.103444e-01
3.134792e-01
3.166140e-01
3.197488e-01
3.228836e-01
3.260184e-01
3.291532e-01
3.322880e-01
3.354228e-01
3.385576e-01
3.416924e-01
3.448271e-01
3.479619e-01
3.510967e-01
3.542315e-01
3.573663e-01
3.605011e-01
3.636359e-01
3.667707e-01
3.699055e-01
3.730403e-01
3.761751e-01
3.793099e-01
3.824447e-01
3.855794e-01
3.887142e-01
3.918490e-01
3.949838e-01
3.981186e-01
4.012534e-01
4.043882e-01
4.075230e-01
4.106578e-01
4.137926e-01
4.169274e-01
4.200622e-01
4.231970e-01
4.263317e-01
4.294665e-01
4.326013e-01
4.357361e-01
4.388709e-01
4.420057e-01
4.451405e-01
4.482753e-01
4.514101e-01
4.545449e-01
4.576797e-01
4.608145e-01
4.639493e-01
4.670840e-01
4.702188e-01
4.733536e-01
4.764884e-01
4.796232e-01
4.827580e-01
4.858928e-01
4.890276e-01
4.921624e-01
4.952972e-01
4.984320e-01
4.984633e-01
4.984947e-01
4.985260e-01
4.985574e-01
4.985887e-01
4.986201e-01
4.986514e-01
4.986828e-01
4.987141e-01
4.987454e-01
4.987768e-01
4.988081e-01
4.988395e-01
4.988708e-01
4.989022e-01
4.989335e-01
4.989649e-01
4.989962e-01
4.990276e-01
4.990589e-01
4.990903e-01
4.991216e-01
4.991530e-01
4.991843e-01
4.992157e-01
4.992470e-01
4.992784e-01
4.993097e-01
4.993411e-01
4.993724e-01
4.994038e-01
4.994351e-01
4.994665e-01
4.994978e-01
4.995291e-01
4.995605e-01
4.995918e-01
4.996232e-01
4.996545e-01
4.996859e-01
4.997172e-01
4.997486e-01
4.997799e-01
4.998113e-01
4.998426e-01
4.998740e-01
4.999053e-01
4.999367e-01
4.999680e-01
4.999994e-01
5.000307e-01
5.000621e-01
5.000934e-01
5.001248e-01
5.001561e-01
5.001875e-01
5.002188e-01
5.002501e-01
5.002815e-01
5.003128e-01
5.003442e-01
5.003755e-01
5.004069e-01
5.004382e-01
5.004696e-01
5.005009e-01
5.005323e-01
5.005636e-01
5.005950e-01
5.006263e-01
5.006577e-01
5.006890e-01
5.007204e-01
5.007517e-01
5.007831e-01
5.008144e-01
5.008458e-01
5.008771e-01
5.009085e-01
5.009398e-01
5.009712e-01
5.010025e-01
5.010338e-01
5.010652e-01
5.010965e-01
5.011279e-01
5.011592e-01
5.011906e-01
5.012219e-01
5.012533e-01
5.012846e-01
5.013160e-01
5.013473e-01
5.013787e-01
5.014100e-01
5.014414e-01
5.014727e-01
5.015041e-01
5.015354e-01
5.015668e-01
5.015981e-01
5.016295e-01
5.016608e-01
5.016922e-01
5.017235e-01
5.017549e-01
5.017862e-01
5.018175e-01
5.018489e-01
5.018802e-01
5.019116e-01
5.019429e-01
5.019743e-01
5.020056e-01
5.020370e-01
5.020683e-01
5.020997e-01
5.021310e-01
5.021624e-01
5.021937e-01
5.022251e-01
5.022564e-01
5.022878e-01
5.023191e-01
5.023505e-01
5.023818e-01
5.024132e-01
5.024445e-01
5.024759e-01
5.025072e-01
5.025385e-01
5.025699e-01
5.026012e-01
5.026326e-01
5.026639e-01
5.026953e-01
5.027266e-01
5.027580e-01
5.027893e-01
5.028207e-01
5.028520e-01
5.028834e-01
5.029147e-01
5.029461e-01
5.029774e-01
5.030088e-01
5.030401e-01
5.030715e-01
5.031028e-01
5.031342e-01
5.031655e-01
5.031969e-01
5.032282e-01
5.032596e-01
5.032909e-01
5.033222e-01
5.033536e-01
5.033849e-01
5.034163e-01
5.034476e-01
