0.000000e+00
2.564101e-02
5.128203e-02
7.692304e-02
1.025641e-01
1.282051e-01
1.538461e-01
1.794871e-01
2.051281e-01
2.307691e-01
2.564101e-01
2.820512e-01
3.076922e-01
3.333332e-01
3.589742e-01
3.846152e-01
4.102562e-01
4.358972e-01
4.615383e-01
4.871793e-01
4.874357e-01
4.876921e-01
4.879485e-01
4.882049e-01
4.884613e-01
4.887177e-01
4.889741e-01
4.892305e-01
4.894870e-01
4.897434e-01
4.899998e-01
4.902562e-01
4.905126e-01
4.907690e-01
4.910254e-01
4.912818e-01
4.915382e-01
4.917947e-01
4.920511e-01
4.923075e-01
