0.000000e+00
2.499999e-02
4.999998e-02
7.499997e-02
9.999996e-02
1.249999e-01
1.499999e-01
1.749999e-01
1.999999e-01
2.249999e-01
2.499999e-01
2.749999e-01
2.999999e-01
3.249999e-01
3.499998e-01
3.749998e-01
3.999998e-01
4.249998e-01
4.499998e-01
4.749998e-01
4.999998e-01
5.002498e-01
5.004998e-01
5.007498e-01
5.009998e-01
5.012498e-01
5.014998e-01
5.017498e-01
5.019998e-01
5.022498e-01
5.024998e-01
5.027498e-01
5.029998e-01
5.032498e-01
5.034998e-01
5.037498e-01
5.039998e-01
5.042498e-01
5.044998e-01
5.047498e-01
5.049998e-01
