0.000000e+00
2.325580e-02
4.651161e-02
6.976741e-02
9.302321e-02
1.162790e-01
1.395348e-01
1.627906e-01
1.860464e-01
2.093022e-01
2.325580e-01
2.558138e-01
2.790696e-01
3.023254e-01
3.255812e-01
3.488370e-01
3.720929e-01
3.953487e-01
4.186045e-01
4.418603e-01
4.651161e-01
4.883719e-01
5.116277e-01
5.118602e-01
5.120928e-01
5.123253e-01
5.125579e-01
5.127905e-01
5.130230e-01
5.132556e-01
5.134881e-01
5.137207e-01
5.139533e-01
5.141858e-01
5.144184e-01
5.146509e-01
5.148835e-01
5.151160e-01
5.153486e-01
5.155812e-01
5.158137e-01
5.160463e-01
5.162788e-01
5.165114e-01
