0.000000e+00
1.564942e-03
3.129885e-03
4.694827e-03
6.259770e-03
7.824712e-03
9.389654e-03
1.095460e-02
1.251954e-02
1.408448e-02
1.564942e-02
1.721437e-02
1.877931e-02
2.034425e-02
2.190919e-02
2.347414e-02
2.503908e-02
2.660402e-02
2.816896e-02
2.973391e-02
3.129885e-02
3.286379e-02
3.442873e-02
3.599368e-02
3.755862e-02
3.912356e-02
4.068850e-02
4.225345e-02
4.381839e-02
4.538333e-02
4.694827e-02
4.851321e-02
5.007816e-02
5.164310e-02
5.320804e-02
5.477298e-02
5.633793e-02
5.790287e-02
5.946781e-02
6.103275e-02
6.259770e-02
6.416264e-02
6.572758e-02
6.729252e-02
6.885747e-02
7.042241e-02
7.198735e-02
7.355229e-02
7.511724e-02
7.668218e-02
7.824712e-02
7.981206e-02
8.137701e-02
8.294195e-02
8.450689e-02
8.607183e-02
8.763678e-02
8.920172e-02
9.076666e-02
9.233160e-02
9.389654e-02
9.546149e-02
9.702643e-02
9.859137e-02
1.001563e-01
1.017213e-01
1.032862e-01
1.048511e-01
1.064161e-01
1.079810e-01
1.095460e-01
1.111109e-01
1.126759e-01
1.142408e-01
1.158057e-01
1.173707e-01
1.189356e-01
1.205006e-01
1.220655e-01
1.236305e-01
1.251954e-01
1.267603e-01
1.283253e-01
1.298902e-01
1.314552e-01
1.330201e-01
1.345850e-01
1.361500e-01
1.377149e-01
1.392799e-01
1.408448e-01
1.424098e-01
1.439747e-01
1.455396e-01
1.471046e-01
1.486695e-01
1.502345e-01
1.517994e-01
1.533644e-01
1.549293e-01
1.564942e-01
1.580592e-01
1.596241e-01
1.611891e-01
1.627540e-01
1.643190e-01
1.658839e-01
1.674488e-01
1.690138e-01
1.705787e-01
1.721437e-01
1.737086e-01
1.752736e-01
1.768385e-01
1.784034e-01
1.799684e-01
1.815333e-01
1.830983e-01
1.846632e-01
1.862281e-01
1.877931e-01
1.893580e-01
1.909230e-01
1.924879e-01
1.940529e-01
1.956178e-01
1.971827e-01
1.987477e-01
2.003126e-01
2.018776e-01
2.034425e-01
2.050075e-01
2.065724e-01
2.081373e-01
2.097023e-01
2.112672e-01
2.128322e-01
2.143971e-01
2.159621e-01
2.175270e-01
2.190919e-01
2.206569e-01
2.222218e-01
2.237868e-01
2.253517e-01
2.269167e-01
2.284816e-01
2.300465e-01
2.316115e-01
2.331764e-01
2.347414e-01
2.363063e-01
2.378712e-01
2.394362e-01
2.410011e-01
2.425661e-01
2.441310e-01
2.456960e-01
2.472609e-01
2.488258e-01
2.503908e-01
2.519557e-01
2.535207e-01
2.550856e-01
2.566506e-01
2.582155e-01
2.597804e-01
2.613454e-01
2.629103e-01
2.644753e-01
2.660402e-01
2.676052e-01
2.691701e-01
2.707350e-01
2.723000e-01
2.738649e-01
2.754299e-01
2.769948e-01
2.785597e-01
2.801247e-01
2.816896e-01
2.832546e-01
2.848195e-01
2.863845e-01
2.879494e-01
2.895143e-01
2.910793e-01
2.926442e-01
2.942092e-01
2.957741e-01
2.973391e-01
2.989040e-01
3.004689e-01
3.020339e-01
3.035988e-01
3.051638e-01
3.067287e-01
3.082937e-01
3.098586e-01
3.114235e-01
3.129885e-01
3.145534e-01
3.161184e-01
3.176833e-01
3.192483e-01
3.208132e-01
3.223781e-01
3.239431e-01
3.255080e-01
3.270730e-01
3.286379e-01
3.302028e-01
3.317678e-01
3.333327e-01
3.348977e-01
3.364626e-01
3.380276e-01
3.395925e-01
3.411574e-01
3.427224e-01
3.442873e-01
3.458523e-01
3.474172e-01
3.489822e-01
3.505471e-01
3.521120e-01
3.536770e-01
3.552419e-01
3.568069e-01
3.583718e-01
3.599368e-01
3.615017e-01
3.630666e-01
3.646316e-01
3.661965e-01
3.677615e-01
3.693264e-01
3.708914e-01
3.724563e-01
3.740212e-01
3.755862e-01
3.771511e-01
3.787161e-01
3.802810e-01
3.818459e-01
3.834109e-01
3.849758e-01
3.865408e-01
3.881057e-01
3.896707e-01
3.912356e-01
3.928005e-01
3.943655e-01
3.959304e-01
3.974954e-01
3.990603e-01
4.006253e-01
4.021902e-01
4.037551e-01
4.053201e-01
4.068850e-01
4.084500e-01
4.100149e-01
4.115799e-01
4.131448e-01
4.147097e-01
4.162747e-01
4.178396e-01
4.194046e-01
4.209695e-01
4.225345e-01
4.240994e-01
4.256643e-01
4.272293e-01
4.287942e-01
4.303592e-01
4.319241e-01
4.334890e-01
4.350540e-01
4.366189e-01
4.381839e-01
4.397488e-01
4.413138e-01
4.428787e-01
4.444436e-01
4.460086e-01
4.475735e-01
4.491385e-01
4.507034e-01
4.522684e-01
4.538333e-01
4.553982e-01
4.569632e-01
4.585281e-01
4.600931e-01
4.616580e-01
4.632230e-01
4.647879e-01
4.663528e-01
4.679178e-01
4.694827e-01
4.710477e-01
4.726126e-01
4.741776e-01
4.757425e-01
4.773074e-01
4.788724e-01
4.804373e-01
4.820023e-01
4.835672e-01
4.851321e-01
4.866971e-01
4.882620e-01
4.898270e-01
4.913919e-01
4.929569e-01
4.945218e-01
4.960867e-01
4.976517e-01
4.992166e-01
4.992323e-01
4.992479e-01
4.992636e-01
4.992792e-01
4.992949e-01
4.993105e-01
4.993262e-01
4.993418e-01
4.993575e-01
4.993731e-01
4.993888e-01
4.994044e-01
4.994201e-01
4.994357e-01
4.994514e-01
4.994670e-01
4.994827e-01
4.994983e-01
4.995140e-01
4.995296e-01
4.995453e-01
4.995609e-01
4.995766e-01
4.995922e-01
4.996079e-01
4.996235e-01
4.996392e-01
4.996548e-01
4.996705e-01
4.996861e-01
4.997018e-01
4.997174e-01
4.997331e-01
4.997487e-01
4.997644e-01
4.997800e-01
4.997957e-01
4.998113e-01
4.998270e-01
4.998426e-01
4.998583e-01
4.998739e-01
4.998896e-01
4.999052e-01
4.999209e-01
4.999365e-01
4.999522e-01
4.999678e-01
4.999835e-01
4.999991e-01
5.000148e-01
5.000304e-01
5.000461e-01
5.000617e-01
5.000773e-01
5.000930e-01
5.001086e-01
5.001243e-01
5.001399e-01
5.001556e-01
5.001712e-01
5.001869e-01
5.002025e-01
5.002182e-01
5.002338e-01
5.002495e-01
5.002651e-01
5.002808e-01
5.002964e-01
5.003121e-01
5.003277e-01
5.003434e-01
5.003590e-01
5.003747e-01
5.003903e-01
5.004060e-01
5.004216e-01
5.004373e-01
5.004529e-01
5.004686e-01
5.004842e-01
5.004999e-01
5.005155e-01
5.005312e-01
5.005468e-01
5.005625e-01
5.005781e-01
5.005938e-01
5.006094e-01
5.006251e-01
5.006407e-01
5.006564e-01
5.006720e-01
5.006877e-01
5.007033e-01
5.007190e-01
5.007346e-01
5.007503e-01
5.007659e-01
5.007816e-01
5.007972e-01
5.008129e-01
5.008285e-01
5.008442e-01
5.008598e-01
5.008755e-01
5.008911e-01
5.009068e-01
5.009224e-01
5.009381e-01
5.009537e-01
5.009694e-01
5.009850e-01
5.010007e-01
5.010163e-01
5.010320e-01
5.010476e-01
5.010633e-01
5.010789e-01
5.010946e-01
5.011102e-01
5.011259e-01
5.011415e-01
5.011572e-01
5.011728e-01
5.011885e-01
5.012041e-01
5.012198e-01
5.012354e-01
5.012511e-01
5.012667e-01
5.012824e-01
5.012980e-01
5.013137e-01
5.013293e-01
5.013450e-01
5.013606e-01
5.013763e-01
5.013919e-01
5.014076e-01
5.014232e-01
5.014389e-01
5.014545e-01
5.014701e-01
5.014858e-01
5.015014e-01
5.015171e-01
5.015327e-01
5.015484e-01
5.015640e-01
5.015797e-01
5.015953e-01
5.016110e-01
5.016266e-01
5.016423e-01
5.016579e-01
5.016736e-01
5.016892e-01
5.017049e-01
5.017205e-01
5.017362e-01
5.017518e-01
5.017675e-01
5.017831e-01
5.017988e-01
5.018144e-01
5.018301e-01
5.018457e-01
5.018614e-01
5.018770e-01
5.018927e-01
5.019083e-01
5.019240e-01
5.019396e-01
5.019553e-01
5.019709e-01
5.019866e-01
5.020022e-01
5.020179e-01
5.020335e-01
5.020492e-01
5.020648e-01
5.020805e-01
5.020961e-01
5.021118e-01
5.021274e-01
5.021431e-01
5.021587e-01
5.021744e-01
5.021900e-01
5.022057e-01
5.022213e-01
5.022370e-01
5.022526e-01
5.022683e-01
5.022839e-01
5.022996e-01
5.023152e-01
5.023309e-01
5.023465e-01
5.023622e-01
5.023778e-01
5.023935e-01
5.024091e-01
5.024248e-01
5.024404e-01
5.024561e-01
5.024717e-01
5.024874e-01
5.025030e-01
5.025187e-01
5.025343e-01
5.025500e-01
5.025656e-01
5.025813e-01
5.025969e-01
5.026126e-01
5.026282e-01
5.026439e-01
5.026595e-01
5.026752e-01
5.026908e-01
5.027065e-01
5.027221e-01
5.027378e-01
5.027534e-01
5.027691e-01
5.027847e-01
5.028004e-01
5.028160e-01
5.028317e-01
5.028473e-01
5.028629e-01
5.028786e-01
5.028942e-01
5.029099e-01
5.029255e-01
5.029412e-01
5.029568e-01
5.029725e-01
5.029881e-01
5.030038e-01
5.030194e-01
5.030351e-01
5.030507e-01
5.030664e-01
5.030820e-01
5.030977e-01
5.031133e-01
5.031290e-01
5.031446e-01
5.031603e-01
5.031759e-01
5.031916e-01
5.032072e-01
5.032229e-01
5.032385e-01
5.032542e-01
5.032698e-01
5.032855e-01
5.033011e-01
5.033168e-01
5.033324e-01
5.033481e-01
5.033637e-01
5.033794e-01
5.033950e-01
5.034107e-01
5.034263e-01
5.034420e-01
5.034576e-01
5.034733e-01
5.034889e-01
5.035046e-01
5.035202e-01
5.035359e-01
5.035515e-01
5.035672e-01
5.035828e-01
5.035985e-01
5.036141e-01
5.036298e-01
5.036454e-01
5.036611e-01
5.036767e-01
5.036924e-01
5.037080e-01
5.037237e-01
5.037393e-01
5.037550e-01
5.037706e-01
5.037863e-01
5.038019e-01
5.038176e-01
5.038332e-01
5.038489e-01
5.038645e-01
5.038802e-01
5.038958e-01
5.039115e-01
5.039271e-01
5.039428e-01
5.039584e-01
5.039741e-01
5.039897e-01
5.040054e-01
5.040210e-01
5.040367e-01
5.040523e-01
5.040680e-01
5.040836e-01
5.040993e-01
5.041149e-01
5.041306e-01
5.041462e-01
5.041619e-01
5.041775e-01
5.041932e-01
5.042088e-01
5.042245e-01
