0.000000e+00
1.265822e-02
2.531644e-02
3.797466e-02
5.063288e-02
6.329110e-02
7.594932e-02
8.860754e-02
1.012658e-01
1.139240e-01
1.265822e-01
1.392404e-01
1.518986e-01
1.645569e-01
1.772151e-01
1.898733e-01
2.025315e-01
2.151897e-01
2.278480e-01
2.405062e-01
2.531644e-01
2.658226e-01
2.784808e-01
2.911391e-01
3.037973e-01
3.164555e-01
3.291137e-01
3.417719e-01
3.544302e-01
3.670884e-01
3.797466e-01
3.924048e-01
4.050630e-01
4.177213e-01
4.303795e-01
4.430377e-01
4.556959e-01
4.683541e-01
4.810124e-01
4.936706e-01
4.937972e-01
4.939237e-01
4.940503e-01
4.941769e-01
4.943035e-01
4.944301e-01
4.945566e-01
4.946832e-01
4.948098e-01
4.949364e-01
4.950630e-01
4.951896e-01
4.953161e-01
4.954427e-01
4.955693e-01
4.956959e-01
4.958225e-01
4.959491e-01
4.960756e-01
4.962022e-01
4.963288e-01
4.964554e-01
4.965820e-01
4.967085e-01
4.968351e-01
4.969617e-01
4.970883e-01
4.972149e-01
4.973415e-01
4.974680e-01
4.975946e-01
4.977212e-01
4.978478e-01
4.979744e-01
4.981010e-01
4.982275e-01
4.983541e-01
4.984807e-01
4.986073e-01
4.987339e-01
