0.000000e+00
1.149425e-02
2.298849e-02
3.448274e-02
4.597698e-02
5.747123e-02
6.896547e-02
8.045972e-02
9.195396e-02
1.034482e-01
1.149425e-01
1.264367e-01
1.379309e-01
1.494252e-01
1.609194e-01
1.724137e-01
1.839079e-01
1.954022e-01
2.068964e-01
2.183907e-01
2.298849e-01
2.413792e-01
2.528734e-01
2.643676e-01
2.758619e-01
2.873561e-01
2.988504e-01
3.103446e-01
3.218389e-01
3.333331e-01
3.448274e-01
3.563216e-01
3.678158e-01
3.793101e-01
3.908043e-01
4.022986e-01
4.137928e-01
4.252871e-01
4.367813e-01
4.482756e-01
4.597698e-01
4.712641e-01
4.827583e-01
4.942525e-01
5.057468e-01
5.058617e-01
5.059767e-01
5.060916e-01
5.062066e-01
5.063215e-01
5.064364e-01
5.065514e-01
5.066663e-01
5.067813e-01
5.068962e-01
5.070112e-01
5.071261e-01
5.072410e-01
5.073560e-01
5.074709e-01
5.075859e-01
5.077008e-01
5.078158e-01
5.079307e-01
5.080456e-01
5.081606e-01
5.082755e-01
5.083905e-01
5.085054e-01
5.086204e-01
5.087353e-01
5.088502e-01
5.089652e-01
5.090801e-01
5.091951e-01
5.093100e-01
5.094250e-01
5.095399e-01
5.096548e-01
5.097698e-01
5.098847e-01
5.099997e-01
5.101146e-01
5.102296e-01
5.103445e-01
5.104594e-01
5.105744e-01
5.106893e-01
