0.000000e+00
2.564103e-02
5.128205e-02
7.692308e-02
1.025641e-01
1.282051e-01
1.538462e-01
1.794872e-01
2.051282e-01
2.307692e-01
2.564103e-01
2.820513e-01
3.076923e-01
3.333333e-01
3.589744e-01
3.846154e-01
4.102564e-01
4.358974e-01
4.615385e-01
4.871795e-01
5.128205e-01
5.384615e-01
5.641026e-01
5.897436e-01
6.153846e-01
6.410256e-01
6.666667e-01
6.923077e-01
7.179487e-01
7.435897e-01
7.692308e-01
7.948718e-01
8.205128e-01
8.461538e-01
8.717949e-01
8.974359e-01
9.230769e-01
9.487179e-01
9.743590e-01
1.000000e+00
