0.000000e+00
2.325581e-02
4.651163e-02
6.976744e-02
9.302326e-02
1.162791e-01
1.395349e-01
1.627907e-01
1.860465e-01
2.093023e-01
2.325581e-01
2.558140e-01
2.790698e-01
3.023256e-01
3.255814e-01
3.488372e-01
3.720930e-01
3.953488e-01
4.186047e-01
4.418605e-01
4.651163e-01
4.883721e-01
5.116279e-01
5.348837e-01
5.581395e-01
5.813953e-01
6.046512e-01
6.279070e-01
6.511628e-01
6.744186e-01
6.976744e-01
7.209302e-01
7.441860e-01
7.674419e-01
7.906977e-01
8.139535e-01
8.372093e-01
8.604651e-01
8.837209e-01
9.069767e-01
9.302326e-01
9.534884e-01
9.767442e-01
1.000000e+00
