0.000000e+00
1.255883e-02
2.507811e-02
3.755783e-02
4.999799e-02
6.239860e-02
7.475966e-02
8.708116e-02
9.936310e-02
1.116055e-01
1.238083e-01
1.359716e-01
1.480953e-01
1.601795e-01
1.722241e-01
1.842292e-01
1.961947e-01
2.081206e-01
2.200070e-01
2.318538e-01
2.436611e-01
2.554288e-01
2.671570e-01
2.788456e-01
2.904947e-01
3.021042e-01
3.136741e-01
3.252045e-01
3.366953e-01
3.481466e-01
3.595583e-01
3.709305e-01
3.822631e-01
3.935562e-01
4.048097e-01
4.160236e-01
4.271980e-01
4.383329e-01
4.494282e-01
4.604839e-01
4.715001e-01
4.824767e-01
4.934137e-01
5.043112e-01
5.151692e-01
5.259876e-01
5.367664e-01
5.475057e-01
5.582054e-01
5.688656e-01
5.794862e-01
5.900673e-01
6.006088e-01
6.111107e-01
6.215731e-01
6.319960e-01
6.423793e-01
6.527230e-01
6.630272e-01
6.732918e-01
6.835169e-01
6.937024e-01
7.038483e-01
7.139547e-01
7.240216e-01
7.340488e-01
7.440366e-01
7.539848e-01
7.638934e-01
7.737624e-01
7.835920e-01
7.933819e-01
8.031323e-01
8.128432e-01
8.225144e-01
8.321462e-01
8.417384e-01
8.512910e-01
8.608040e-01
8.702776e-01
8.797115e-01
8.891059e-01
8.984608e-01
9.077761e-01
9.170518e-01
9.262880e-01
9.354846e-01
9.446417e-01
9.537592e-01
9.628371e-01
9.718755e-01
9.808744e-01
9.898337e-01
9.987534e-01
1.007634e+00
1.016474e+00
1.025275e+00
1.034037e+00
1.042759e+00
1.051441e+00
1.060084e+00
1.068687e+00
1.077251e+00
1.085775e+00
1.094260e+00
1.102705e+00
1.111110e+00
1.119476e+00
1.127803e+00
1.136090e+00
1.144337e+00
1.152545e+00
1.160713e+00
1.168842e+00
1.176931e+00
1.184980e+00
1.192990e+00
1.200961e+00
1.208891e+00
1.216783e+00
1.224634e+00
1.232447e+00
1.240219e+00
1.247952e+00
1.255646e+00
1.263300e+00
1.270914e+00
1.278489e+00
1.286024e+00
1.293520e+00
1.300976e+00
1.308393e+00
1.315770e+00
1.323108e+00
1.330406e+00
1.337664e+00
1.344883e+00
1.352062e+00
1.359202e+00
1.366302e+00
1.373363e+00
1.380384e+00
1.387365e+00
1.394307e+00
1.401210e+00
1.408073e+00
1.414896e+00
1.421680e+00
1.428424e+00
1.435128e+00
1.441794e+00
1.448419e+00
1.455005e+00
1.461551e+00
1.468058e+00
1.474526e+00
1.480953e+00
1.487342e+00
1.493690e+00
1.499999e+00
