0.000000e+00
6.264674e-03
1.251952e-02
1.876454e-02
2.499973e-02
3.122510e-02
3.744064e-02
4.364635e-02
4.984224e-02
5.602830e-02
6.220453e-02
6.837093e-02
7.452751e-02
8.067426e-02
8.681118e-02
9.293828e-02
9.905555e-02
1.051630e-01
1.112606e-01
1.173484e-01
1.234264e-01
1.294945e-01
1.355528e-01
1.416013e-01
1.476399e-01
1.536688e-01
1.596878e-01
1.656969e-01
1.716963e-01
1.776858e-01
1.836655e-01
1.896354e-01
1.955954e-01
2.015456e-01
2.074860e-01
2.134166e-01
2.193373e-01
2.252482e-01
2.311493e-01
2.370405e-01
2.429219e-01
2.487935e-01
2.546553e-01
2.605072e-01
2.663494e-01
2.721817e-01
2.780041e-01
2.838167e-01
2.896196e-01
2.954125e-01
3.011957e-01
3.069690e-01
3.127325e-01
3.184862e-01
3.242300e-01
3.299641e-01
3.356882e-01
3.414026e-01
3.471071e-01
3.528019e-01
3.584867e-01
3.641618e-01
3.698270e-01
3.754824e-01
3.811280e-01
3.867638e-01
3.923897e-01
3.980058e-01
4.036120e-01
4.092085e-01
4.147951e-01
4.203719e-01
4.259389e-01
4.314960e-01
4.370433e-01
4.425808e-01
4.481084e-01
4.536263e-01
4.591343e-01
4.646324e-01
4.701208e-01
4.755993e-01
4.810680e-01
4.865268e-01
4.919759e-01
4.974151e-01
5.028445e-01
5.082640e-01
5.136738e-01
5.190737e-01
5.244637e-01
5.298440e-01
5.352144e-01
5.405750e-01
5.459258e-01
5.512667e-01
5.565978e-01
5.619191e-01
5.672306e-01
5.725322e-01
5.778240e-01
5.831060e-01
5.883782e-01
5.936405e-01
5.988930e-01
6.041357e-01
6.093685e-01
6.145915e-01
6.198047e-01
6.250081e-01
6.302016e-01
6.353853e-01
6.405592e-01
6.457233e-01
6.508775e-01
6.560219e-01
6.611565e-01
6.662812e-01
6.713961e-01
6.765012e-01
6.815965e-01
6.866819e-01
6.917576e-01
6.968233e-01
7.018793e-01
7.069254e-01
7.119617e-01
7.169882e-01
7.220049e-01
7.270117e-01
7.320087e-01
7.369959e-01
7.419732e-01
7.469407e-01
7.518984e-01
7.568463e-01
7.617843e-01
7.667125e-01
7.716309e-01
7.765395e-01
7.814382e-01
7.863271e-01
7.912062e-01
7.960754e-01
8.009349e-01
8.057844e-01
8.106242e-01
8.154542e-01
8.202743e-01
8.250846e-01
8.298850e-01
8.346757e-01
8.394565e-01
8.442274e-01
8.489886e-01
8.537399e-01
8.584814e-01
8.632131e-01
8.679349e-01
8.726469e-01
8.773491e-01
8.820415e-01
8.867240e-01
8.913967e-01
8.960596e-01
9.007127e-01
9.053559e-01
9.099893e-01
9.146129e-01
9.192266e-01
9.238306e-01
9.284247e-01
9.330089e-01
9.375834e-01
9.421480e-01
9.467028e-01
9.512477e-01
9.557829e-01
9.603082e-01
9.648236e-01
9.693293e-01
9.738251e-01
9.783111e-01
9.827873e-01
9.872536e-01
9.917102e-01
9.961568e-01
1.000594e+00
1.005021e+00
1.009438e+00
1.013845e+00
1.018243e+00
1.022631e+00
1.027009e+00
1.031377e+00
1.035735e+00
1.040083e+00
1.044422e+00
1.048751e+00
1.053070e+00
1.057379e+00
1.061678e+00
1.065967e+00
1.070247e+00
1.074517e+00
1.078777e+00
1.083027e+00
1.087267e+00
1.091498e+00
1.095719e+00
1.099929e+00
1.104130e+00
1.108322e+00
1.112503e+00
1.116674e+00
1.120836e+00
1.124988e+00
1.129130e+00
1.133262e+00
1.137385e+00
1.141497e+00
1.145600e+00
1.149693e+00
1.153776e+00
1.157849e+00
1.161913e+00
1.165966e+00
1.170010e+00
1.174044e+00
1.178068e+00
1.182083e+00
1.186087e+00
1.190082e+00
1.194067e+00
1.198042e+00
1.202007e+00
1.205962e+00
1.209908e+00
1.213843e+00
1.217769e+00
1.221685e+00
1.225591e+00
1.229488e+00
1.233374e+00
1.237251e+00
1.241118e+00
1.244975e+00
1.248822e+00
1.252660e+00
1.256487e+00
1.260305e+00
1.264113e+00
1.267911e+00
1.271699e+00
1.275478e+00
1.279246e+00
1.283005e+00
1.286754e+00
1.290493e+00
1.294223e+00
1.297942e+00
1.301652e+00
1.305352e+00
1.309042e+00
1.312722e+00
1.316392e+00
1.320053e+00
1.323704e+00
1.327344e+00
1.330976e+00
1.334597e+00
1.338208e+00
1.341810e+00
1.345401e+00
1.348983e+00
1.352555e+00
1.356118e+00
1.359670e+00
1.363213e+00
1.366746e+00
1.370269e+00
1.373782e+00
1.377285e+00
1.380778e+00
1.384262e+00
1.387736e+00
1.391200e+00
1.394654e+00
1.398098e+00
1.401533e+00
1.404958e+00
1.408373e+00
1.411778e+00
1.415173e+00
1.418558e+00
1.421934e+00
1.425299e+00
1.428655e+00
1.432001e+00
1.435338e+00
1.438664e+00
1.441981e+00
1.445287e+00
1.448584e+00
1.451872e+00
1.455149e+00
1.458416e+00
1.461674e+00
1.464922e+00
1.468160e+00
1.471388e+00
1.474606e+00
1.477815e+00
1.481013e+00
1.484202e+00
1.487381e+00
1.490550e+00
1.493710e+00
1.496859e+00
1.499999e+00
