0.000000e+00
5.095330e-02
1.012491e-01
1.508875e-01
1.998684e-01
2.481919e-01
2.958579e-01
3.428664e-01
3.892175e-01
4.349111e-01
4.799473e-01
5.243259e-01
5.680472e-01
6.111109e-01
6.535172e-01
6.952661e-01
7.363574e-01
7.767913e-01
8.165678e-01
8.556868e-01
8.941483e-01
9.319524e-01
9.690990e-01
1.005588e+00
1.041420e+00
1.076594e+00
1.111111e+00
1.144970e+00
1.178172e+00
1.210716e+00
1.242603e+00
1.273833e+00
1.304405e+00
1.334319e+00
1.363576e+00
1.392176e+00
1.420118e+00
1.447403e+00
1.474030e+00
1.500000e+00
