0.000000e+00
3.128662e-03
6.254876e-03
9.378640e-03
1.249996e-02
1.561882e-02
1.873524e-02
2.184921e-02
2.496073e-02
2.806980e-02
3.117642e-02
3.428059e-02
3.738231e-02
4.048158e-02
4.357841e-02
4.667278e-02
4.976471e-02
5.285419e-02
5.594122e-02
5.902580e-02
6.210793e-02
6.518761e-02
6.826484e-02
7.133962e-02
7.441196e-02
7.748184e-02
8.054928e-02
8.361427e-02
8.667680e-02
8.973689e-02
9.279453e-02
9.584972e-02
9.890246e-02
1.019528e-01
1.050006e-01
1.080460e-01
1.110889e-01
1.141294e-01
1.171675e-01
1.202031e-01
1.232362e-01
1.262669e-01
1.292952e-01
1.323210e-01
1.353443e-01
1.383652e-01
1.413837e-01
1.443997e-01
1.474133e-01
1.504244e-01
1.534330e-01
1.564392e-01
1.594430e-01
1.624443e-01
1.654432e-01
1.684396e-01
1.714335e-01
1.744251e-01
1.774141e-01
1.804007e-01
1.833849e-01
1.863666e-01
1.893459e-01
1.923227e-01
1.952971e-01
1.982690e-01
2.012385e-01
2.042055e-01
2.071701e-01
2.101322e-01
2.130919e-01
2.160491e-01
2.190039e-01
2.219562e-01
2.249061e-01
2.278536e-01
2.307985e-01
2.337411e-01
2.366812e-01
2.396188e-01
2.425540e-01
2.454867e-01
2.484170e-01
2.513448e-01
2.542702e-01
2.571932e-01
2.601137e-01
2.630317e-01
2.659473e-01
2.688605e-01
2.717712e-01
2.746794e-01
2.775852e-01
2.804886e-01
2.833895e-01
2.862879e-01
2.891839e-01
2.920775e-01
2.949686e-01
2.978572e-01
3.007434e-01
3.036272e-01
3.065085e-01
3.093873e-01
3.122638e-01
3.151377e-01
3.180092e-01
3.208783e-01
3.237449e-01
3.266091e-01
3.294708e-01
3.323301e-01
3.351869e-01
3.380412e-01
3.408932e-01
3.437426e-01
3.465897e-01
3.494342e-01
3.522763e-01
3.551160e-01
3.579532e-01
3.607880e-01
3.636203e-01
3.664502e-01
3.692777e-01
3.721026e-01
3.749252e-01
3.777452e-01
3.805629e-01
3.833781e-01
3.861908e-01
3.890011e-01
3.918089e-01
3.946143e-01
3.974172e-01
4.002177e-01
4.030158e-01
4.058114e-01
4.086045e-01
4.113952e-01
4.141834e-01
4.169692e-01
4.197526e-01
4.225335e-01
4.253119e-01
4.280879e-01
4.308615e-01
4.336326e-01
4.364012e-01
4.391674e-01
4.419312e-01
4.446925e-01
4.474514e-01
4.502078e-01
4.529617e-01
4.557132e-01
4.584623e-01
4.612089e-01
4.639531e-01
4.666948e-01
4.694340e-01
4.721708e-01
4.749052e-01
4.776371e-01
4.803666e-01
4.830936e-01
4.858182e-01
4.885403e-01
4.912600e-01
4.939772e-01
4.966920e-01
4.994043e-01
5.021142e-01
5.048216e-01
5.075266e-01
5.102291e-01
5.129292e-01
5.156268e-01
5.183220e-01
5.210147e-01
5.237050e-01
5.263928e-01
5.290782e-01
5.317611e-01
5.344416e-01
5.371197e-01
5.397953e-01
5.424684e-01
5.451391e-01
5.478073e-01
5.504731e-01
5.531365e-01
5.557974e-01
5.584558e-01
5.611118e-01
5.637653e-01
5.664164e-01
5.690651e-01
5.717113e-01
5.743550e-01
5.769963e-01
5.796352e-01
5.822716e-01
5.849055e-01
5.875370e-01
5.901661e-01
5.927927e-01
5.954169e-01
5.980386e-01
6.006578e-01
6.032746e-01
6.058890e-01
6.085009e-01
6.111104e-01
6.137174e-01
6.163220e-01
6.189241e-01
6.215237e-01
6.241210e-01
6.267157e-01
6.293081e-01
6.318979e-01
6.344853e-01
6.370703e-01
6.396528e-01
6.422329e-01
6.448105e-01
6.473857e-01
6.499585e-01
6.525287e-01
6.550966e-01
6.576619e-01
6.602249e-01
6.627854e-01
6.653434e-01
6.678990e-01
6.704521e-01
6.730028e-01
6.755510e-01
6.780968e-01
6.806402e-01
6.831810e-01
6.857195e-01
6.882555e-01
6.907890e-01
6.933201e-01
6.958488e-01
6.983750e-01
7.008987e-01
7.034200e-01
7.059389e-01
7.084553e-01
7.109692e-01
7.134807e-01
7.159898e-01
7.184964e-01
7.210005e-01
7.235022e-01
7.260015e-01
7.284983e-01
7.309926e-01
7.334845e-01
7.359740e-01
7.384610e-01
7.409456e-01
7.434277e-01
7.459074e-01
7.483846e-01
7.508593e-01
7.533317e-01
7.558015e-01
7.582689e-01
7.607339e-01
7.631964e-01
7.656565e-01
7.681141e-01
7.705693e-01
7.730220e-01
7.754723e-01
7.779201e-01
7.803655e-01
7.828084e-01
7.852489e-01
7.876869e-01
7.901225e-01
7.925557e-01
7.949863e-01
7.974146e-01
7.998404e-01
8.022637e-01
8.046846e-01
8.071030e-01
8.095190e-01
8.119325e-01
8.143436e-01
8.167523e-01
8.191585e-01
8.215622e-01
8.239635e-01
8.263624e-01
8.287587e-01
8.311527e-01
8.335442e-01
8.359332e-01
8.383198e-01
8.407040e-01
8.430857e-01
8.454649e-01
8.478418e-01
8.502161e-01
8.525880e-01
8.549575e-01
8.573245e-01
8.596890e-01
8.620511e-01
8.644108e-01
8.667680e-01
8.691228e-01
8.714751e-01
8.738250e-01
8.761724e-01
8.785173e-01
8.808599e-01
8.831999e-01
8.855375e-01
8.878727e-01
8.902054e-01
8.925357e-01
8.948635e-01
8.971889e-01
8.995118e-01
9.018323e-01
9.041503e-01
9.064659e-01
9.087790e-01
9.110897e-01
9.133979e-01
9.157037e-01
9.180071e-01
9.203079e-01
9.226064e-01
9.249024e-01
9.271959e-01
9.294870e-01
9.317756e-01
9.340618e-01
9.363456e-01
9.386268e-01
9.409057e-01
9.431821e-01
9.454560e-01
9.477275e-01
9.499966e-01
9.522632e-01
9.545273e-01
9.567890e-01
9.590483e-01
9.613051e-01
9.635594e-01
9.658113e-01
9.680608e-01
9.703078e-01
9.725523e-01
9.747944e-01
9.770341e-01
9.792713e-01
9.815061e-01
9.837384e-01
9.859682e-01
9.881956e-01
9.904206e-01
9.926431e-01
9.948632e-01
9.970808e-01
9.992960e-01
1.001509e+00
1.003719e+00
1.005927e+00
1.008132e+00
1.010335e+00
1.012536e+00
1.014734e+00
1.016929e+00
1.019122e+00
1.021313e+00
1.023501e+00
1.025687e+00
1.027870e+00
1.030051e+00
1.032230e+00
1.034406e+00
1.036579e+00
1.038750e+00
1.040919e+00
1.043085e+00
1.045249e+00
1.047410e+00
1.049569e+00
1.051725e+00
1.053879e+00
1.056031e+00
1.058180e+00
1.060326e+00
1.062470e+00
1.064612e+00
1.066751e+00
1.068888e+00
1.071023e+00
1.073154e+00
1.075284e+00
1.077411e+00
1.079535e+00
1.081658e+00
1.083777e+00
1.085894e+00
1.088009e+00
1.090121e+00
1.092231e+00
1.094339e+00
1.096444e+00
1.098546e+00
1.100646e+00
1.102744e+00
1.104839e+00
1.106932e+00
1.109022e+00
1.111110e+00
1.113195e+00
1.115278e+00
1.117359e+00
1.119437e+00
1.121512e+00
1.123585e+00
1.125656e+00
1.127724e+00
1.129790e+00
1.131853e+00
1.133914e+00
1.135973e+00
1.138029e+00
1.140082e+00
1.142133e+00
1.144182e+00
1.146228e+00
1.148272e+00
1.150313e+00
1.152352e+00
1.154388e+00
1.156422e+00
1.158454e+00
1.160483e+00
1.162509e+00
1.164533e+00
1.166555e+00
1.168574e+00
1.170591e+00
1.172606e+00
1.174617e+00
1.176627e+00
1.178634e+00
1.180638e+00
1.182641e+00
1.184640e+00
1.186637e+00
1.188632e+00
1.190624e+00
1.192614e+00
1.194602e+00
1.196587e+00
1.198569e+00
1.200549e+00
1.202527e+00
1.204502e+00
1.206475e+00
1.208445e+00
1.210413e+00
1.212378e+00
1.214341e+00
1.216302e+00
1.218260e+00
1.220215e+00
1.222168e+00
1.224119e+00
1.226067e+00
1.228013e+00
1.229956e+00
1.231897e+00
1.233836e+00
1.235771e+00
1.237705e+00
1.239636e+00
1.241565e+00
1.243491e+00
1.245415e+00
1.247336e+00
1.249255e+00
1.251171e+00
1.253085e+00
1.254997e+00
1.256906e+00
1.258812e+00
1.260716e+00
1.262618e+00
1.264517e+00
1.266414e+00
1.268308e+00
1.270200e+00
1.272090e+00
1.273977e+00
1.275861e+00
1.277743e+00
1.279623e+00
1.281500e+00
1.283375e+00
1.285247e+00
1.287117e+00
1.288984e+00
1.290849e+00
1.292712e+00
1.294572e+00
1.296430e+00
1.298285e+00
1.300137e+00
1.301988e+00
1.303836e+00
1.305681e+00
1.307524e+00
1.309364e+00
1.311202e+00
1.313038e+00
1.314871e+00
1.316702e+00
1.318530e+00
1.320356e+00
1.322179e+00
1.324000e+00
1.325818e+00
1.327634e+00
1.329448e+00
1.331259e+00
1.333067e+00
1.334874e+00
1.336677e+00
1.338479e+00
1.340277e+00
1.342074e+00
1.343868e+00
1.345659e+00
1.347448e+00
1.349235e+00
1.351019e+00
1.352801e+00
1.354580e+00
1.356357e+00
1.358131e+00
1.359903e+00
1.361672e+00
1.363439e+00
1.365204e+00
1.366966e+00
1.368726e+00
1.370483e+00
1.372238e+00
1.373990e+00
1.375740e+00
1.377487e+00
1.379232e+00
1.380975e+00
1.382715e+00
1.384452e+00
1.386187e+00
1.387920e+00
1.389650e+00
1.391378e+00
1.393104e+00
1.394826e+00
1.396547e+00
1.398265e+00
1.399980e+00
1.401694e+00
1.403404e+00
1.405112e+00
1.406818e+00
1.408522e+00
1.410222e+00
1.411921e+00
1.413617e+00
1.415310e+00
1.417001e+00
1.418690e+00
1.420376e+00
1.422060e+00
1.423741e+00
1.425420e+00
1.427096e+00
1.428770e+00
1.430442e+00
1.432111e+00
1.433777e+00
1.435442e+00
1.437103e+00
1.438762e+00
1.440419e+00
1.442074e+00
1.443725e+00
1.445375e+00
1.447022e+00
1.448666e+00
1.450308e+00
1.451948e+00
1.453585e+00
1.455220e+00
1.456852e+00
1.458482e+00
1.460110e+00
1.461735e+00
1.463357e+00
1.464977e+00
1.466595e+00
1.468210e+00
1.469823e+00
1.471433e+00
1.473041e+00
1.474646e+00
1.476249e+00
1.477849e+00
1.479447e+00
1.481043e+00
1.482636e+00
1.484227e+00
1.485815e+00
1.487401e+00
1.488984e+00
1.490565e+00
1.492143e+00
1.493719e+00
1.495293e+00
1.496864e+00
1.498432e+00
1.499999e+00
