0.000000e+00
2.523633e-02
5.031243e-02
7.522830e-02
9.998394e-02
1.245793e-01
1.490145e-01
1.732895e-01
1.974042e-01
2.213587e-01
2.451529e-01
2.687869e-01
2.922607e-01
3.155743e-01
3.387276e-01
3.617207e-01
3.845536e-01
4.072262e-01
4.297386e-01
4.520908e-01
4.742828e-01
4.963145e-01
5.181860e-01
5.398972e-01
5.614482e-01
5.828390e-01
6.040696e-01
6.251399e-01
6.460500e-01
6.667999e-01
6.873895e-01
7.078190e-01
7.280881e-01
7.481971e-01
7.681458e-01
7.879343e-01
8.075625e-01
8.270306e-01
8.463384e-01
8.654859e-01
8.844733e-01
9.033004e-01
9.219672e-01
9.404739e-01
9.588203e-01
9.770065e-01
9.950324e-01
1.012898e+00
1.030604e+00
1.048149e+00
1.065534e+00
1.082759e+00
1.099823e+00
1.116728e+00
1.133472e+00
1.150056e+00
1.166479e+00
1.182743e+00
1.198846e+00
1.214789e+00
1.230572e+00
1.246194e+00
1.261656e+00
1.276958e+00
1.292100e+00
1.307082e+00
1.321903e+00
1.336564e+00
1.351065e+00
1.365406e+00
1.379586e+00
1.393606e+00
1.407466e+00
1.421166e+00
1.434705e+00
1.448085e+00
1.461304e+00
1.474363e+00
1.487261e+00
1.499999e+00
