1.000000e+00
1.005975e+00
1.011331e+00
1.016084e+00
1.020254e+00
1.023868e+00
1.026958e+00
1.029558e+00
1.031708e+00
1.033450e+00
1.034832e+00
1.035901e+00
1.036708e+00
1.037306e+00
1.037746e+00
1.038084e+00
1.038372e+00
1.038663e+00
1.039009e+00
1.039460e+00
1.040064e+00
1.040867e+00
1.041909e+00
1.043231e+00
1.044868e+00
1.046851e+00
1.049207e+00
1.051959e+00
1.055124e+00
1.058715e+00
1.062741e+00
1.067205e+00
1.072106e+00
1.077438e+00
1.083191e+00
1.089348e+00
1.095892e+00
1.102799e+00
1.110042e+00
1.117591e+00
1.125413e+00
1.133473e+00
1.141734e+00
1.150154e+00
1.158694e+00
1.167313e+00
1.175966e+00
1.184614e+00
1.193213e+00
1.201723e+00
1.210104e+00
1.218317e+00
1.226328e+00
1.234100e+00
1.241604e+00
1.248811e+00
1.255695e+00
1.262235e+00
1.268412e+00
1.274210e+00
1.279619e+00
1.284631e+00
1.289242e+00
1.293452e+00
1.297265e+00
1.300687e+00
1.303730e+00
1.306406e+00
1.308733e+00
1.310730e+00
1.312419e+00
1.313824e+00
1.314972e+00
1.315890e+00
1.316607e+00
1.317154e+00
1.317561e+00
1.317859e+00
1.318080e+00
1.318254e+00
1.318411e+00
1.318580e+00
1.318790e+00
1.319067e+00
1.319435e+00
1.319917e+00
1.320533e+00
1.321303e+00
1.322240e+00
1.323360e+00
1.324671e+00
1.326183e+00
1.327899e+00
1.329824e+00
1.331955e+00
1.334291e+00
1.336826e+00
1.339553e+00
1.342462e+00
1.345540e+00
1.348775e+00
1.352150e+00
1.355649e+00
1.359253e+00
1.362945e+00
1.366704e+00
1.370509e+00
1.374340e+00
1.378178e+00
1.382001e+00
1.385789e+00
1.389524e+00
1.393188e+00
1.396762e+00
1.400231e+00
1.403580e+00
1.406797e+00
1.409868e+00
1.412786e+00
1.415540e+00
1.418126e+00
1.420538e+00
1.422773e+00
1.424831e+00
1.426712e+00
1.428418e+00
1.429954e+00
1.431324e+00
1.432534e+00
1.433594e+00
1.434511e+00
1.435295e+00
1.435957e+00
1.436507e+00
1.436957e+00
1.437319e+00
1.437602e+00
1.437820e+00
1.437983e+00
1.438102e+00
1.438187e+00
1.438246e+00
1.438289e+00
1.438322e+00
1.438354e+00
1.438387e+00
1.438428e+00
1.438479e+00
1.438542e+00
1.438618e+00
1.438706e+00
1.438804e+00
1.438910e+00
1.439021e+00
1.439132e+00
1.439237e+00
1.439331e+00
1.439407e+00
1.439458e+00
1.439477e+00
