1.000000e+00
1.003056e+00
1.005958e+00
1.008705e+00
1.011300e+00
1.013745e+00
1.016042e+00
1.018195e+00
1.020206e+00
1.022079e+00
1.023818e+00
1.025426e+00
1.026907e+00
1.028267e+00
1.029510e+00
1.030640e+00
1.031664e+00
1.032587e+00
1.033413e+00
1.034149e+00
1.034802e+00
1.035376e+00
1.035878e+00
1.036315e+00
1.036693e+00
1.037018e+00
1.037297e+00
1.037537e+00
1.037744e+00
1.037925e+00
1.038086e+00
1.038234e+00
1.038376e+00
1.038518e+00
1.038666e+00
1.038828e+00
1.039008e+00
1.039214e+00
1.039452e+00
1.039727e+00
1.040045e+00
1.040411e+00
1.040832e+00
1.041311e+00
1.041855e+00
1.042467e+00
1.043153e+00
1.043916e+00
1.044762e+00
1.045692e+00
1.046712e+00
1.047823e+00
1.049030e+00
1.050335e+00
1.051740e+00
1.053247e+00
1.054859e+00
1.056576e+00
1.058401e+00
1.060333e+00
1.062374e+00
1.064523e+00
1.066782e+00
1.069149e+00
1.071624e+00
1.074207e+00
1.076896e+00
1.079689e+00
1.082586e+00
1.085583e+00
1.088680e+00
1.091873e+00
1.095160e+00
1.098538e+00
1.102004e+00
1.105554e+00
1.109185e+00
1.112893e+00
1.116674e+00
1.120524e+00
1.124438e+00
1.128413e+00
1.132443e+00
1.136525e+00
1.140652e+00
1.144821e+00
1.149026e+00
1.153261e+00
1.157523e+00
1.161806e+00
1.166104e+00
1.170413e+00
1.174727e+00
1.179040e+00
1.183348e+00
1.187646e+00
1.191929e+00
1.196190e+00
1.200426e+00
1.204631e+00
1.208801e+00
1.212931e+00
1.217016e+00
1.221052e+00
1.225035e+00
1.228960e+00
1.232823e+00
1.236620e+00
1.240349e+00
1.244004e+00
1.247584e+00
1.251085e+00
1.254503e+00
1.257837e+00
1.261083e+00
1.264241e+00
1.267306e+00
1.270278e+00
1.273155e+00
1.275936e+00
1.278620e+00
1.281205e+00
1.283691e+00
1.286077e+00
1.288364e+00
1.290551e+00
1.292639e+00
1.294628e+00
1.296518e+00
1.298311e+00
1.300008e+00
1.301610e+00
1.303118e+00
1.304535e+00
1.305861e+00
1.307100e+00
1.308253e+00
1.309324e+00
1.310313e+00
1.311226e+00
1.312063e+00
1.312828e+00
1.313524e+00
1.314155e+00
1.314724e+00
1.315234e+00
1.315690e+00
1.316093e+00
1.316449e+00
1.316760e+00
1.317032e+00
1.317266e+00
1.317468e+00
1.317642e+00
1.317790e+00
1.317917e+00
1.318027e+00
1.318123e+00
1.318210e+00
1.318290e+00
1.318369e+00
1.318448e+00
1.318533e+00
1.318626e+00
1.318730e+00
1.318850e+00
1.318987e+00
1.319146e+00
1.319328e+00
1.319538e+00
1.319777e+00
1.320049e+00
1.320355e+00
1.320697e+00
1.321079e+00
1.321502e+00
1.321967e+00
1.322476e+00
1.323031e+00
1.323634e+00
1.324284e+00
1.324984e+00
1.325734e+00
1.326535e+00
1.327386e+00
1.328289e+00
1.329244e+00
1.330251e+00
1.331308e+00
1.332417e+00
1.333577e+00
1.334786e+00
1.336045e+00
1.337352e+00
1.338706e+00
1.340106e+00
1.341550e+00
1.343038e+00
1.344568e+00
1.346137e+00
1.347744e+00
1.349388e+00
1.351066e+00
1.352776e+00
1.354515e+00
1.356283e+00
1.358076e+00
1.359892e+00
1.361729e+00
1.363584e+00
1.365455e+00
1.367340e+00
1.369235e+00
1.371138e+00
1.373047e+00
1.374959e+00
1.376871e+00
1.378782e+00
1.380689e+00
1.382588e+00
1.384478e+00
1.386357e+00
1.388221e+00
1.390069e+00
1.391899e+00
1.393708e+00
1.395494e+00
1.397256e+00
1.398991e+00
1.400697e+00
1.402373e+00
1.404018e+00
1.405628e+00
1.407204e+00
1.408744e+00
1.410246e+00
1.411709e+00
1.413133e+00
1.414516e+00
1.415857e+00
1.417156e+00
1.418413e+00
1.419626e+00
1.420796e+00
1.421921e+00
1.423003e+00
1.424041e+00
1.425034e+00
1.425983e+00
1.426889e+00
1.427752e+00
1.428571e+00
1.429349e+00
1.430084e+00
1.430779e+00
1.431434e+00
1.432049e+00
1.432625e+00
1.433165e+00
1.433668e+00
1.434136e+00
1.434569e+00
1.434971e+00
1.435340e+00
1.435680e+00
1.435990e+00
1.436273e+00
1.436530e+00
1.436762e+00
1.436971e+00
1.437159e+00
1.437326e+00
1.437473e+00
1.437604e+00
1.437718e+00
1.437817e+00
1.437903e+00
1.437976e+00
1.438039e+00
1.438093e+00
1.438137e+00
1.438175e+00
1.438207e+00
1.438233e+00
1.438256e+00
1.438276e+00
1.438293e+00
1.438309e+00
1.438325e+00
1.438340e+00
1.438357e+00
1.438375e+00
1.438394e+00
1.438416e+00
1.438440e+00
1.438467e+00
1.438497e+00
1.438530e+00
1.438567e+00
1.438606e+00
1.438648e+00
1.438694e+00
1.438742e+00
1.438792e+00
1.438844e+00
1.438898e+00
1.438953e+00
1.439009e+00
1.439064e+00
1.439119e+00
1.439172e+00
1.439223e+00
1.439272e+00
1.439317e+00
1.439357e+00
1.439392e+00
1.439421e+00
1.439442e+00
1.439456e+00
1.439461e+00
