1.000000e+00
1.020502e+00
1.031852e+00
1.036581e+00
1.038035e+00
1.039795e+00
1.045093e+00
1.056311e+00
1.074649e+00
1.100002e+00
1.131050e+00
1.165549e+00
1.200749e+00
1.233872e+00
1.262558e+00
1.285226e+00
1.301267e+00
1.311077e+00
1.315910e+00
1.317608e+00
1.318249e+00
1.319782e+00
1.323716e+00
1.330910e+00
1.341490e+00
1.354906e+00
1.370093e+00
1.385716e+00
1.400437e+00
1.413147e+00
1.423145e+00
1.430211e+00
1.434577e+00
1.436821e+00
1.437690e+00
1.437920e+00
1.438063e+00
1.438387e+00
1.438841e+00
1.439107e+00
