1.000000e+00
1.001545e+00
1.003051e+00
1.004519e+00
1.005948e+00
1.007338e+00
1.008691e+00
1.010006e+00
1.011282e+00
1.012522e+00
1.013725e+00
1.014890e+00
1.016019e+00
1.017113e+00
1.018170e+00
1.019192e+00
1.020180e+00
1.021133e+00
1.022051e+00
1.022937e+00
1.023789e+00
1.024609e+00
1.025396e+00
1.026152e+00
1.026878e+00
1.027572e+00
1.028237e+00
1.028873e+00
1.029481e+00
1.030060e+00
1.030612e+00
1.031137e+00
1.031637e+00
1.032111e+00
1.032560e+00
1.032986e+00
1.033388e+00
1.033768e+00
1.034126e+00
1.034463e+00
1.034780e+00
1.035077e+00
1.035356e+00
1.035616e+00
1.035860e+00
1.036087e+00
1.036298e+00
1.036495e+00
1.036678e+00
1.036847e+00
1.037004e+00
1.037150e+00
1.037285e+00
1.037410e+00
1.037526e+00
1.037634e+00
1.037734e+00
1.037827e+00
1.037915e+00
1.037998e+00
1.038077e+00
1.038153e+00
1.038226e+00
1.038297e+00
1.038368e+00
1.038438e+00
1.038509e+00
1.038582e+00
1.038657e+00
1.038736e+00
1.038818e+00
1.038905e+00
1.038997e+00
1.039096e+00
1.039202e+00
1.039315e+00
1.039437e+00
1.039568e+00
1.039709e+00
1.039861e+00
1.040024e+00
1.040199e+00
1.040387e+00
1.040588e+00
1.040803e+00
1.041033e+00
1.041278e+00
1.041538e+00
1.041816e+00
1.042110e+00
1.042422e+00
1.042753e+00
1.043102e+00
1.043470e+00
1.043858e+00
1.044267e+00
1.044696e+00
1.045146e+00
1.045618e+00
1.046112e+00
1.046629e+00
1.047169e+00
1.047731e+00
1.048318e+00
1.048929e+00
1.049563e+00
1.050223e+00
1.050907e+00
1.051617e+00
1.052352e+00
1.053113e+00
1.053900e+00
1.054713e+00
1.055552e+00
1.056418e+00
1.057310e+00
1.058229e+00
1.059176e+00
1.060148e+00
1.061148e+00
1.062176e+00
1.063230e+00
1.064311e+00
1.065420e+00
1.066555e+00
1.067718e+00
1.068908e+00
1.070124e+00
1.071368e+00
1.072638e+00
1.073935e+00
1.075259e+00
1.076609e+00
1.077984e+00
1.079386e+00
1.080814e+00
1.082267e+00
1.083745e+00
1.085249e+00
1.086777e+00
1.088329e+00
1.089906e+00
1.091506e+00
1.093130e+00
1.094777e+00
1.096447e+00
1.098139e+00
1.099853e+00
1.101589e+00
1.103345e+00
1.105123e+00
1.106920e+00
1.108738e+00
1.110574e+00
1.112430e+00
1.114304e+00
1.116196e+00
1.118105e+00
1.120030e+00
1.121972e+00
1.123930e+00
1.125903e+00
1.127890e+00
1.129892e+00
1.131907e+00
1.133935e+00
1.135974e+00
1.138026e+00
1.140089e+00
1.142162e+00
1.144245e+00
1.146337e+00
1.148437e+00
1.150546e+00
1.152662e+00
1.154784e+00
1.156913e+00
1.159046e+00
1.161185e+00
1.163328e+00
1.165474e+00
1.167622e+00
1.169773e+00
1.171926e+00
1.174079e+00
1.176232e+00
1.178385e+00
1.180537e+00
1.182687e+00
1.184834e+00
1.186979e+00
1.189119e+00
1.191256e+00
1.193387e+00
1.195513e+00
1.197633e+00
1.199746e+00
1.201851e+00
1.203948e+00
1.206037e+00
1.208117e+00
1.210186e+00
1.212246e+00
1.214294e+00
1.216331e+00
1.218355e+00
1.220368e+00
1.222366e+00
1.224352e+00
1.226323e+00
1.228279e+00
1.230220e+00
1.232146e+00
1.234055e+00
1.235948e+00
1.237823e+00
1.239681e+00
1.241521e+00
1.243343e+00
1.245146e+00
1.246929e+00
1.248693e+00
1.250437e+00
1.252161e+00
1.253864e+00
1.255546e+00
1.257207e+00
1.258846e+00
1.260463e+00
1.262058e+00
1.263631e+00
1.265181e+00
1.266707e+00
1.268211e+00
1.269691e+00
1.271148e+00
1.272581e+00
1.273990e+00
1.275375e+00
1.276735e+00
1.278072e+00
1.279383e+00
1.280671e+00
1.281933e+00
1.283171e+00
1.284384e+00
1.285572e+00
1.286736e+00
1.287874e+00
1.288988e+00
1.290077e+00
1.291141e+00
1.292180e+00
1.293195e+00
1.294185e+00
1.295151e+00
1.296092e+00
1.297008e+00
1.297901e+00
1.298769e+00
1.299614e+00
1.300435e+00
1.301232e+00
1.302006e+00
1.302757e+00
1.303485e+00
1.304190e+00
1.304872e+00
1.305533e+00
1.306171e+00
1.306788e+00
1.307383e+00
1.307957e+00
1.308510e+00
1.309043e+00
1.309555e+00
1.310048e+00
1.310521e+00
1.310975e+00
1.311410e+00
1.311827e+00
1.312225e+00
1.312606e+00
1.312970e+00
1.313316e+00
1.313647e+00
1.313961e+00
1.314259e+00
1.314542e+00
1.314811e+00
1.315065e+00
1.315305e+00
1.315531e+00
1.315745e+00
1.315946e+00
1.316134e+00
1.316311e+00
1.316477e+00
1.316632e+00
1.316777e+00
1.316912e+00
1.317038e+00
1.317155e+00
1.317264e+00
1.317364e+00
1.317457e+00
1.317544e+00
1.317624e+00
1.317697e+00
1.317766e+00
1.317829e+00
1.317888e+00
1.317943e+00
1.317994e+00
1.318042e+00
1.318087e+00
1.318131e+00
1.318172e+00
1.318212e+00
1.318252e+00
1.318291e+00
1.318330e+00
1.318370e+00
1.318411e+00
1.318453e+00
1.318497e+00
1.318543e+00
1.318592e+00
1.318644e+00
1.318700e+00
1.318759e+00
1.318823e+00
1.318892e+00
1.318965e+00
1.319045e+00
1.319129e+00
1.319220e+00
1.319318e+00
1.319422e+00
1.319534e+00
1.319653e+00
1.319780e+00
1.319915e+00
1.320059e+00
1.320211e+00
1.320373e+00
1.320543e+00
1.320724e+00
1.320914e+00
1.321114e+00
1.321324e+00
1.321545e+00
1.321777e+00
1.322019e+00
1.322273e+00
1.322538e+00
1.322814e+00
1.323103e+00
1.323403e+00
1.323714e+00
1.324038e+00
1.324375e+00
1.324723e+00
1.325084e+00
1.325457e+00
1.325843e+00
1.326242e+00
1.326653e+00
1.327077e+00
1.327514e+00
1.327964e+00
1.328427e+00
1.328902e+00
1.329391e+00
1.329892e+00
1.330406e+00
1.330933e+00
1.331472e+00
1.332025e+00
1.332590e+00
1.333167e+00
1.333757e+00
1.334360e+00
1.334974e+00
1.335601e+00
1.336240e+00
1.336891e+00
1.337554e+00
1.338229e+00
1.338915e+00
1.339612e+00
1.340321e+00
1.341041e+00
1.341772e+00
1.342513e+00
1.343265e+00
1.344027e+00
1.344799e+00
1.345581e+00
1.346373e+00
1.347174e+00
1.347984e+00
1.348803e+00
1.349631e+00
1.350467e+00
1.351312e+00
1.352164e+00
1.353024e+00
1.353892e+00
1.354766e+00
1.355647e+00
1.356535e+00
1.357429e+00
1.358329e+00
1.359235e+00
1.360146e+00
1.361062e+00
1.361983e+00
1.362908e+00
1.363837e+00
1.364771e+00
1.365707e+00
1.366647e+00
1.367590e+00
1.368536e+00
1.369483e+00
1.370433e+00
1.371384e+00
1.372336e+00
1.373290e+00
1.374244e+00
1.375199e+00
1.376153e+00
1.377108e+00
1.378061e+00
1.379014e+00
1.379966e+00
1.380916e+00
1.381864e+00
1.382811e+00
1.383755e+00
1.384696e+00
1.385634e+00
1.386569e+00
1.387500e+00
1.388427e+00
1.389351e+00
1.390269e+00
1.391183e+00
1.392093e+00
1.392997e+00
1.393895e+00
1.394788e+00
1.395674e+00
1.396555e+00
1.397429e+00
1.398296e+00
1.399157e+00
1.400010e+00
1.400856e+00
1.401694e+00
1.402524e+00
1.403347e+00
1.404161e+00
1.404967e+00
1.405764e+00
1.406552e+00
1.407332e+00
1.408102e+00
1.408863e+00
1.409615e+00
1.410358e+00
1.411090e+00
1.411813e+00
1.412526e+00
1.413229e+00
1.413921e+00
1.414604e+00
1.415276e+00
1.415937e+00
1.416588e+00
1.417229e+00
1.417859e+00
1.418478e+00
1.419086e+00
1.419683e+00
1.420270e+00
1.420846e+00
1.421410e+00
1.421964e+00
1.422507e+00
1.423038e+00
1.423559e+00
1.424069e+00
1.424567e+00
1.425055e+00
1.425532e+00
1.425998e+00
1.426453e+00
1.426897e+00
1.427331e+00
1.427753e+00
1.428166e+00
1.428567e+00
1.428958e+00
1.429338e+00
1.429709e+00
1.430068e+00
1.430418e+00
1.430757e+00
1.431087e+00
1.431407e+00
1.431717e+00
1.432017e+00
1.432307e+00
1.432589e+00
1.432861e+00
1.433123e+00
1.433377e+00
1.433622e+00
1.433858e+00
1.434086e+00
1.434305e+00
1.434516e+00
1.434719e+00
1.434913e+00
1.435100e+00
1.435279e+00
1.435451e+00
1.435616e+00
1.435773e+00
1.435923e+00
1.436067e+00
1.436204e+00
1.436334e+00
1.436458e+00
1.436576e+00
1.436688e+00
1.436794e+00
1.436895e+00
1.436990e+00
1.437080e+00
1.437165e+00
1.437245e+00
1.437320e+00
1.437391e+00
1.437458e+00
1.437520e+00
1.437578e+00
1.437633e+00
1.437684e+00
1.437731e+00
1.437775e+00
1.437816e+00
1.437854e+00
1.437889e+00
1.437921e+00
1.437951e+00
1.437978e+00
1.438003e+00
1.438027e+00
1.438048e+00
1.438067e+00
1.438085e+00
1.438101e+00
1.438116e+00
1.438130e+00
1.438143e+00
1.438154e+00
1.438165e+00
1.438175e+00
1.438185e+00
1.438193e+00
1.438202e+00
1.438210e+00
1.438218e+00
1.438226e+00
1.438233e+00
1.438241e+00
1.438249e+00
1.438257e+00
1.438266e+00
1.438274e+00
1.438283e+00
1.438293e+00
1.438303e+00
1.438314e+00
1.438325e+00
1.438337e+00
1.438349e+00
1.438362e+00
1.438376e+00
1.438391e+00
1.438406e+00
1.438422e+00
1.438439e+00
1.438457e+00
1.438476e+00
1.438495e+00
1.438515e+00
1.438536e+00
1.438558e+00
1.438580e+00
1.438603e+00
1.438627e+00
1.438651e+00
1.438676e+00
1.438701e+00
1.438727e+00
1.438754e+00
1.438780e+00
1.438807e+00
1.438835e+00
1.438862e+00
1.438890e+00
1.438917e+00
1.438945e+00
1.438973e+00
1.439000e+00
1.439027e+00
1.439054e+00
1.439081e+00
1.439106e+00
1.439132e+00
1.439156e+00
1.439180e+00
1.439203e+00
1.439225e+00
1.439245e+00
1.439265e+00
1.439283e+00
1.439300e+00
1.439315e+00
1.439328e+00
1.439340e+00
1.439350e+00
1.439358e+00
1.439364e+00
1.439367e+00
1.439368e+00
