1.000000e+00
1.011392e+00
1.020343e+00
1.027048e+00
1.031777e+00
1.034868e+00
1.036707e+00
1.037713e+00
1.038320e+00
1.038961e+00
1.040049e+00
1.041960e+00
1.045023e+00
1.049502e+00
1.055595e+00
1.063420e+00
1.073018e+00
1.084353e+00
1.097311e+00
1.111715e+00
1.127326e+00
1.143862e+00
1.161003e+00
1.178413e+00
1.195747e+00
1.212671e+00
1.228870e+00
1.244067e+00
1.258025e+00
1.270560e+00
1.281547e+00
1.290920e+00
1.298674e+00
1.304865e+00
1.309601e+00
1.313038e+00
1.315372e+00
1.316830e+00
1.317655e+00
1.318101e+00
1.318418e+00
1.318842e+00
1.319588e+00
1.320840e+00
1.322745e+00
1.325410e+00
1.328896e+00
1.333223e+00
1.338366e+00
1.344260e+00
1.350808e+00
1.357882e+00
1.365335e+00
1.373006e+00
1.380727e+00
1.388335e+00
1.395674e+00
1.402607e+00
1.409017e+00
1.414811e+00
1.419928e+00
1.424332e+00
1.428019e+00
1.431012e+00
1.433354e+00
1.435113e+00
1.436369e+00
1.437211e+00
1.437733e+00
1.438026e+00
1.438175e+00
1.438252e+00
1.438316e+00
1.438406e+00
1.438543e+00
1.438730e+00
1.438949e+00
1.439168e+00
1.439342e+00
1.439414e+00
