0.000000e+00
3.134796e-03
6.269592e-03
9.404389e-03
1.253918e-02
1.567398e-02
1.880878e-02
2.194357e-02
2.507837e-02
2.821317e-02
3.134796e-02
3.448276e-02
3.761755e-02
4.075235e-02
4.388715e-02
4.702194e-02
5.015674e-02
5.329154e-02
5.642633e-02
5.956113e-02
6.269592e-02
6.583072e-02
6.896552e-02
7.210031e-02
7.523511e-02
7.836991e-02
8.150470e-02
8.463950e-02
8.777429e-02
9.090909e-02
9.404389e-02
9.717868e-02
1.003135e-01
1.034483e-01
1.065831e-01
1.097179e-01
1.128527e-01
1.159875e-01
1.191223e-01
1.222571e-01
1.253918e-01
1.285266e-01
1.316614e-01
1.347962e-01
1.379310e-01
1.410658e-01
1.442006e-01
1.473354e-01
1.504702e-01
1.536050e-01
1.567398e-01
1.598746e-01
1.630094e-01
1.661442e-01
1.692790e-01
1.724138e-01
1.755486e-01
1.786834e-01
1.818182e-01
1.849530e-01
1.880878e-01
1.912226e-01
1.943574e-01
1.974922e-01
2.006270e-01
2.037618e-01
2.068966e-01
2.100313e-01
2.131661e-01
2.163009e-01
2.194357e-01
2.225705e-01
2.257053e-01
2.288401e-01
2.319749e-01
2.351097e-01
2.382445e-01
2.413793e-01
2.445141e-01
2.476489e-01
2.507837e-01
2.539185e-01
2.570533e-01
2.601881e-01
2.633229e-01
2.664577e-01
2.695925e-01
2.727273e-01
2.758621e-01
2.789969e-01
2.821317e-01
2.852665e-01
2.884013e-01
2.915361e-01
2.946708e-01
2.978056e-01
3.009404e-01
3.040752e-01
3.072100e-01
3.103448e-01
3.134796e-01
3.166144e-01
3.197492e-01
3.228840e-01
3.260188e-01
3.291536e-01
3.322884e-01
3.354232e-01
3.385580e-01
3.416928e-01
3.448276e-01
3.479624e-01
3.510972e-01
3.542320e-01
3.573668e-01
3.605016e-01
3.636364e-01
3.667712e-01
3.699060e-01
3.730408e-01
3.761755e-01
3.793103e-01
3.824451e-01
3.855799e-01
3.887147e-01
3.918495e-01
3.949843e-01
3.981191e-01
4.012539e-01
4.043887e-01
4.075235e-01
4.106583e-01
4.137931e-01
4.169279e-01
4.200627e-01
4.231975e-01
4.263323e-01
4.294671e-01
4.326019e-01
4.357367e-01
4.388715e-01
4.420063e-01
4.451411e-01
4.482759e-01
4.514107e-01
4.545455e-01
4.576803e-01
4.608150e-01
4.639498e-01
4.670846e-01
4.702194e-01
4.733542e-01
4.764890e-01
4.796238e-01
4.827586e-01
4.858934e-01
4.890282e-01
4.921630e-01
4.952978e-01
4.984326e-01
5.015674e-01
5.047022e-01
5.078370e-01
5.109718e-01
5.141066e-01
5.172414e-01
5.203762e-01
5.235110e-01
5.266458e-01
5.297806e-01
5.329154e-01
5.360502e-01
5.391850e-01
5.423197e-01
5.454545e-01
5.485893e-01
5.517241e-01
5.548589e-01
5.579937e-01
5.611285e-01
5.642633e-01
5.673981e-01
5.705329e-01
5.736677e-01
5.768025e-01
5.799373e-01
5.830721e-01
5.862069e-01
5.893417e-01
5.924765e-01
5.956113e-01
5.987461e-01
6.018809e-01
6.050157e-01
6.081505e-01
6.112853e-01
6.144201e-01
6.175549e-01
6.206897e-01
6.238245e-01
6.269592e-01
6.300940e-01
6.332288e-01
6.363636e-01
6.394984e-01
6.426332e-01
6.457680e-01
6.489028e-01
6.520376e-01
6.551724e-01
6.583072e-01
6.614420e-01
6.645768e-01
6.677116e-01
6.708464e-01
6.739812e-01
6.771160e-01
6.802508e-01
6.833856e-01
6.865204e-01
6.896552e-01
6.927900e-01
6.959248e-01
6.990596e-01
7.021944e-01
7.053292e-01
7.084639e-01
7.115987e-01
7.147335e-01
7.178683e-01
7.210031e-01
7.241379e-01
7.272727e-01
7.304075e-01
7.335423e-01
7.366771e-01
7.398119e-01
7.429467e-01
7.460815e-01
7.492163e-01
7.523511e-01
7.554859e-01
7.586207e-01
7.617555e-01
7.648903e-01
7.680251e-01
7.711599e-01
7.742947e-01
7.774295e-01
7.805643e-01
7.836991e-01
7.868339e-01
7.899687e-01
7.931034e-01
7.962382e-01
7.993730e-01
8.025078e-01
8.056426e-01
8.087774e-01
8.119122e-01
8.150470e-01
8.181818e-01
8.213166e-01
8.244514e-01
8.275862e-01
8.307210e-01
8.338558e-01
8.369906e-01
8.401254e-01
8.432602e-01
8.463950e-01
8.495298e-01
8.526646e-01
8.557994e-01
8.589342e-01
8.620690e-01
8.652038e-01
8.683386e-01
8.714734e-01
8.746082e-01
8.777429e-01
8.808777e-01
8.840125e-01
8.871473e-01
8.902821e-01
8.934169e-01
8.965517e-01
8.996865e-01
9.028213e-01
9.059561e-01
9.090909e-01
9.122257e-01
9.153605e-01
9.184953e-01
9.216301e-01
9.247649e-01
9.278997e-01
9.310345e-01
9.341693e-01
9.373041e-01
9.404389e-01
9.435737e-01
9.467085e-01
9.498433e-01
9.529781e-01
9.561129e-01
9.592476e-01
9.623824e-01
9.655172e-01
9.686520e-01
9.717868e-01
9.749216e-01
9.780564e-01
9.811912e-01
9.843260e-01
9.874608e-01
9.905956e-01
9.937304e-01
9.968652e-01
1.000000e+00
