0.000000e+00
1.564945e-03
3.129890e-03
4.694836e-03
6.259781e-03
7.824726e-03
9.389671e-03
1.095462e-02
1.251956e-02
1.408451e-02
1.564945e-02
1.721440e-02
1.877934e-02
2.034429e-02
2.190923e-02
2.347418e-02
2.503912e-02
2.660407e-02
2.816901e-02
2.973396e-02
3.129890e-02
3.286385e-02
3.442879e-02
3.599374e-02
3.755869e-02
3.912363e-02
4.068858e-02
4.225352e-02
4.381847e-02
4.538341e-02
4.694836e-02
4.851330e-02
5.007825e-02
5.164319e-02
5.320814e-02
5.477308e-02
5.633803e-02
5.790297e-02
5.946792e-02
6.103286e-02
6.259781e-02
6.416275e-02
6.572770e-02
6.729264e-02
6.885759e-02
7.042254e-02
7.198748e-02
7.355243e-02
7.511737e-02
7.668232e-02
7.824726e-02
7.981221e-02
8.137715e-02
8.294210e-02
8.450704e-02
8.607199e-02
8.763693e-02
8.920188e-02
9.076682e-02
9.233177e-02
9.389671e-02
9.546166e-02
9.702660e-02
9.859155e-02
1.001565e-01
1.017214e-01
1.032864e-01
1.048513e-01
1.064163e-01
1.079812e-01
1.095462e-01
1.111111e-01
1.126761e-01
1.142410e-01
1.158059e-01
1.173709e-01
1.189358e-01
1.205008e-01
1.220657e-01
1.236307e-01
1.251956e-01
1.267606e-01
1.283255e-01
1.298905e-01
1.314554e-01
1.330203e-01
1.345853e-01
1.361502e-01
1.377152e-01
1.392801e-01
1.408451e-01
1.424100e-01
1.439750e-01
1.455399e-01
1.471049e-01
1.486698e-01
1.502347e-01
1.517997e-01
1.533646e-01
1.549296e-01
1.564945e-01
1.580595e-01
1.596244e-01
1.611894e-01
1.627543e-01
1.643192e-01
1.658842e-01
1.674491e-01
1.690141e-01
1.705790e-01
1.721440e-01
1.737089e-01
1.752739e-01
1.768388e-01
1.784038e-01
1.799687e-01
1.815336e-01
1.830986e-01
1.846635e-01
1.862285e-01
1.877934e-01
1.893584e-01
1.909233e-01
1.924883e-01
1.940532e-01
1.956182e-01
1.971831e-01
1.987480e-01
2.003130e-01
2.018779e-01
2.034429e-01
2.050078e-01
2.065728e-01
2.081377e-01
2.097027e-01
2.112676e-01
2.128326e-01
2.143975e-01
2.159624e-01
2.175274e-01
2.190923e-01
2.206573e-01
2.222222e-01
2.237872e-01
2.253521e-01
2.269171e-01
2.284820e-01
2.300469e-01
2.316119e-01
2.331768e-01
2.347418e-01
2.363067e-01
2.378717e-01
2.394366e-01
2.410016e-01
2.425665e-01
2.441315e-01
2.456964e-01
2.472613e-01
2.488263e-01
2.503912e-01
2.519562e-01
2.535211e-01
2.550861e-01
2.566510e-01
2.582160e-01
2.597809e-01
2.613459e-01
2.629108e-01
2.644757e-01
2.660407e-01
2.676056e-01
2.691706e-01
2.707355e-01
2.723005e-01
2.738654e-01
2.754304e-01
2.769953e-01
2.785603e-01
2.801252e-01
2.816901e-01
2.832551e-01
2.848200e-01
2.863850e-01
2.879499e-01
2.895149e-01
2.910798e-01
2.926448e-01
2.942097e-01
2.957746e-01
2.973396e-01
2.989045e-01
3.004695e-01
3.020344e-01
3.035994e-01
3.051643e-01
3.067293e-01
3.082942e-01
3.098592e-01
3.114241e-01
3.129890e-01
3.145540e-01
3.161189e-01
3.176839e-01
3.192488e-01
3.208138e-01
3.223787e-01
3.239437e-01
3.255086e-01
3.270736e-01
3.286385e-01
3.302034e-01
3.317684e-01
3.333333e-01
3.348983e-01
3.364632e-01
3.380282e-01
3.395931e-01
3.411581e-01
3.427230e-01
3.442879e-01
3.458529e-01
3.474178e-01
3.489828e-01
3.505477e-01
3.521127e-01
3.536776e-01
3.552426e-01
3.568075e-01
3.583725e-01
3.599374e-01
3.615023e-01
3.630673e-01
3.646322e-01
3.661972e-01
3.677621e-01
3.693271e-01
3.708920e-01
3.724570e-01
3.740219e-01
3.755869e-01
3.771518e-01
3.787167e-01
3.802817e-01
3.818466e-01
3.834116e-01
3.849765e-01
3.865415e-01
3.881064e-01
3.896714e-01
3.912363e-01
3.928013e-01
3.943662e-01
3.959311e-01
3.974961e-01
3.990610e-01
4.006260e-01
4.021909e-01
4.037559e-01
4.053208e-01
4.068858e-01
4.084507e-01
4.100156e-01
4.115806e-01
4.131455e-01
4.147105e-01
4.162754e-01
4.178404e-01
4.194053e-01
4.209703e-01
4.225352e-01
4.241002e-01
4.256651e-01
4.272300e-01
4.287950e-01
4.303599e-01
4.319249e-01
4.334898e-01
4.350548e-01
4.366197e-01
4.381847e-01
4.397496e-01
4.413146e-01
4.428795e-01
4.444444e-01
4.460094e-01
4.475743e-01
4.491393e-01
4.507042e-01
4.522692e-01
4.538341e-01
4.553991e-01
4.569640e-01
4.585290e-01
4.600939e-01
4.616588e-01
4.632238e-01
4.647887e-01
4.663537e-01
4.679186e-01
4.694836e-01
4.710485e-01
4.726135e-01
4.741784e-01
4.757433e-01
4.773083e-01
4.788732e-01
4.804382e-01
4.820031e-01
4.835681e-01
4.851330e-01
4.866980e-01
4.882629e-01
4.898279e-01
4.913928e-01
4.929577e-01
4.945227e-01
4.960876e-01
4.976526e-01
4.992175e-01
5.007825e-01
5.023474e-01
5.039124e-01
5.054773e-01
5.070423e-01
5.086072e-01
5.101721e-01
5.117371e-01
5.133020e-01
5.148670e-01
5.164319e-01
5.179969e-01
5.195618e-01
5.211268e-01
5.226917e-01
5.242567e-01
5.258216e-01
5.273865e-01
5.289515e-01
5.305164e-01
5.320814e-01
5.336463e-01
5.352113e-01
5.367762e-01
5.383412e-01
5.399061e-01
5.414710e-01
5.430360e-01
5.446009e-01
5.461659e-01
5.477308e-01
5.492958e-01
5.508607e-01
5.524257e-01
5.539906e-01
5.555556e-01
5.571205e-01
5.586854e-01
5.602504e-01
5.618153e-01
5.633803e-01
5.649452e-01
5.665102e-01
5.680751e-01
5.696401e-01
5.712050e-01
5.727700e-01
5.743349e-01
5.758998e-01
5.774648e-01
5.790297e-01
5.805947e-01
5.821596e-01
5.837246e-01
5.852895e-01
5.868545e-01
5.884194e-01
5.899844e-01
5.915493e-01
5.931142e-01
5.946792e-01
5.962441e-01
5.978091e-01
5.993740e-01
6.009390e-01
6.025039e-01
6.040689e-01
6.056338e-01
6.071987e-01
6.087637e-01
6.103286e-01
6.118936e-01
6.134585e-01
6.150235e-01
6.165884e-01
6.181534e-01
6.197183e-01
6.212833e-01
6.228482e-01
6.244131e-01
6.259781e-01
6.275430e-01
6.291080e-01
6.306729e-01
6.322379e-01
6.338028e-01
6.353678e-01
6.369327e-01
6.384977e-01
6.400626e-01
6.416275e-01
6.431925e-01
6.447574e-01
6.463224e-01
6.478873e-01
6.494523e-01
6.510172e-01
6.525822e-01
6.541471e-01
6.557121e-01
6.572770e-01
6.588419e-01
6.604069e-01
6.619718e-01
6.635368e-01
6.651017e-01
6.666667e-01
6.682316e-01
6.697966e-01
6.713615e-01
6.729264e-01
6.744914e-01
6.760563e-01
6.776213e-01
6.791862e-01
6.807512e-01
6.823161e-01
6.838811e-01
6.854460e-01
6.870110e-01
6.885759e-01
6.901408e-01
6.917058e-01
6.932707e-01
6.948357e-01
6.964006e-01
6.979656e-01
6.995305e-01
7.010955e-01
7.026604e-01
7.042254e-01
7.057903e-01
7.073552e-01
7.089202e-01
7.104851e-01
7.120501e-01
7.136150e-01
7.151800e-01
7.167449e-01
7.183099e-01
7.198748e-01
7.214397e-01
7.230047e-01
7.245696e-01
7.261346e-01
7.276995e-01
7.292645e-01
7.308294e-01
7.323944e-01
7.339593e-01
7.355243e-01
7.370892e-01
7.386541e-01
7.402191e-01
7.417840e-01
7.433490e-01
7.449139e-01
7.464789e-01
7.480438e-01
7.496088e-01
7.511737e-01
7.527387e-01
7.543036e-01
7.558685e-01
7.574335e-01
7.589984e-01
7.605634e-01
7.621283e-01
7.636933e-01
7.652582e-01
7.668232e-01
7.683881e-01
7.699531e-01
7.715180e-01
7.730829e-01
7.746479e-01
7.762128e-01
7.777778e-01
7.793427e-01
7.809077e-01
7.824726e-01
7.840376e-01
7.856025e-01
7.871674e-01
7.887324e-01
7.902973e-01
7.918623e-01
7.934272e-01
7.949922e-01
7.965571e-01
7.981221e-01
7.996870e-01
8.012520e-01
8.028169e-01
8.043818e-01
8.059468e-01
8.075117e-01
8.090767e-01
8.106416e-01
8.122066e-01
8.137715e-01
8.153365e-01
8.169014e-01
8.184664e-01
8.200313e-01
8.215962e-01
8.231612e-01
8.247261e-01
8.262911e-01
8.278560e-01
8.294210e-01
8.309859e-01
8.325509e-01
8.341158e-01
8.356808e-01
8.372457e-01
8.388106e-01
8.403756e-01
8.419405e-01
8.435055e-01
8.450704e-01
8.466354e-01
8.482003e-01
8.497653e-01
8.513302e-01
8.528951e-01
8.544601e-01
8.560250e-01
8.575900e-01
8.591549e-01
8.607199e-01
8.622848e-01
8.638498e-01
8.654147e-01
8.669797e-01
8.685446e-01
8.701095e-01
8.716745e-01
8.732394e-01
8.748044e-01
8.763693e-01
8.779343e-01
8.794992e-01
8.810642e-01
8.826291e-01
8.841941e-01
8.857590e-01
8.873239e-01
8.888889e-01
8.904538e-01
8.920188e-01
8.935837e-01
8.951487e-01
8.967136e-01
8.982786e-01
8.998435e-01
9.014085e-01
9.029734e-01
9.045383e-01
9.061033e-01
9.076682e-01
9.092332e-01
9.107981e-01
9.123631e-01
9.139280e-01
9.154930e-01
9.170579e-01
9.186228e-01
9.201878e-01
9.217527e-01
9.233177e-01
9.248826e-01
9.264476e-01
9.280125e-01
9.295775e-01
9.311424e-01
9.327074e-01
9.342723e-01
9.358372e-01
9.374022e-01
9.389671e-01
9.405321e-01
9.420970e-01
9.436620e-01
9.452269e-01
9.467919e-01
9.483568e-01
9.499218e-01
9.514867e-01
9.530516e-01
9.546166e-01
9.561815e-01
9.577465e-01
9.593114e-01
9.608764e-01
9.624413e-01
9.640063e-01
9.655712e-01
9.671362e-01
9.687011e-01
9.702660e-01
9.718310e-01
9.733959e-01
9.749609e-01
9.765258e-01
9.780908e-01
9.796557e-01
9.812207e-01
9.827856e-01
9.843505e-01
9.859155e-01
9.874804e-01
9.890454e-01
9.906103e-01
9.921753e-01
9.937402e-01
9.953052e-01
9.968701e-01
9.984351e-01
1.000000e+00
