0.000000e+00
1.265823e-02
2.531646e-02
3.797468e-02
5.063291e-02
6.329114e-02
7.594937e-02
8.860759e-02
1.012658e-01
1.139241e-01
1.265823e-01
1.392405e-01
1.518987e-01
1.645570e-01
1.772152e-01
1.898734e-01
2.025316e-01
2.151899e-01
2.278481e-01
2.405063e-01
2.531646e-01
2.658228e-01
2.784810e-01
2.911392e-01
3.037975e-01
3.164557e-01
3.291139e-01
3.417722e-01
3.544304e-01
3.670886e-01
3.797468e-01
3.924051e-01
4.050633e-01
4.177215e-01
4.303797e-01
4.430380e-01
4.556962e-01
4.683544e-01
4.810127e-01
4.936709e-01
5.063291e-01
5.189873e-01
5.316456e-01
5.443038e-01
5.569620e-01
5.696203e-01
5.822785e-01
5.949367e-01
6.075949e-01
6.202532e-01
6.329114e-01
6.455696e-01
6.582278e-01
6.708861e-01
6.835443e-01
6.962025e-01
7.088608e-01
7.215190e-01
7.341772e-01
7.468354e-01
7.594937e-01
7.721519e-01
7.848101e-01
7.974684e-01
8.101266e-01
8.227848e-01
8.354430e-01
8.481013e-01
8.607595e-01
8.734177e-01
8.860759e-01
8.987342e-01
9.113924e-01
9.240506e-01
9.367089e-01
9.493671e-01
9.620253e-01
9.746835e-01
9.873418e-01
1.000000e+00
